Command: ninja size-components
[0/1] C:\WINDOWS\system32\cmd.exe /C "cd /D "C:\Users\Sukhraj Singh\Desktop\doom_esp32\build" && C:\Espressif\tools\cmake\3.30.2\bin\cmake.exe -D IDF_SIZE_TOOL=C:/Espressif/tools/python/v5.5.3/venv/Scripts/python.exe;-m;esp_idf_size -D IDF_SIZE_MODE=--archives -D "MAP_FILE=C:/Users/Sukhraj Singh/Desktop/doom_esp32/build/doom_esp32.map" -D OUTPUT_JSON= -P C:/esp/v5.5.3/esp-idf/tools/cmake/run_size_tool.cmake"
                                                                            Per-archive contributions to ELF file                                                                             
+--------------------------------------------------------------------------------------------------------------------------------------------------------------------------------------------+
| Archive File            | Total Size | DRAM | .bss | .data |  IRAM | .text | .vectors | Flash Code | .text | Flash Data | .rodata | .appdesc | RTC SLOW | .rtc_slow_reserved | .force_slow |
|-------------------------+------------+------+------+-------+-------+-------+----------+------------+-------+------------+---------+----------+----------+--------------------+-------------|
| libc.a                  |      37303 |  572 |  312 |   260 |     0 |     0 |        0 |      34499 | 34499 |       2232 |    2232 |        0 |        0 |                  0 |           0 |
| libesp_app_format.a     |      28946 |   10 |   10 |     0 |     0 |     0 |        0 |        417 |   417 |      28519 |   28263 |      256 |        0 |                  0 |           0 |
| libfreertos.a           |      18803 | 3849 |  741 |  3108 | 13392 | 13392 |        0 |        516 |   516 |       1046 |    1046 |        0 |        0 |                  0 |           0 |
| libesp_hw_support.a     |      13773 |  391 |   77 |   314 |  5676 |  5676 |        0 |       6742 |  6742 |        908 |     908 |        0 |       56 |                 24 |          32 |
| libhal.a                |      12833 | 3177 |    8 |  3169 |  6280 |  6280 |        0 |       3249 |  3249 |        127 |     127 |        0 |        0 |                  0 |           0 |
| libesp_system.a         |      12581 |  742 |  309 |   433 |  3556 |  3556 |        0 |       7641 |  7641 |        642 |     642 |        0 |        0 |                  0 |           0 |
| libheap.a               |      11929 |   12 |    8 |     4 |  7306 |  7306 |        0 |       3021 |  3021 |       1590 |    1590 |        0 |        0 |                  0 |           0 |
| libspi_flash.a          |      10589 | 1148 |   24 |  1124 |  7253 |  7253 |        0 |       1083 |  1083 |       1105 |    1105 |        0 |        0 |                  0 |           0 |
| libmain.a               |       7873 | 1044 | 1032 |    12 |     0 |     0 |        0 |       2689 |  2689 |       4140 |    4140 |        0 |        0 |                  0 |           0 |
| libesp_driver_uart.a    |       7685 |  336 |   32 |   304 |     0 |     0 |        0 |       6748 |  6748 |        601 |     601 |        0 |        0 |                  0 |           0 |
| libdriver.a             |       6325 |   58 |   10 |    48 |  1286 |  1286 |        0 |       4686 |  4686 |        295 |     295 |        0 |        0 |                  0 |           0 |
| libesp_ringbuf.a        |       4789 |    0 |    0 |     0 |  4336 |  4336 |        0 |          0 |     0 |        453 |     453 |        0 |        0 |                  0 |           0 |
| libesp_driver_gpio.a    |       4738 |   36 |    0 |    36 |     0 |     0 |        0 |       4119 |  4119 |        583 |     583 |        0 |        0 |                  0 |           0 |
| libvfs.a                |       4280 |  236 |   44 |   192 |     0 |     0 |        0 |       3901 |  3901 |        143 |     143 |        0 |        0 |                  0 |           0 |
| libesp_mm.a             |       4087 |  164 |  128 |    36 |  1054 |  1054 |        0 |       2655 |  2655 |        214 |     214 |        0 |        0 |                  0 |           0 |
| libm.a                  |       3902 |    0 |    0 |     0 |     0 |     0 |        0 |       2926 |  2926 |        976 |     976 |        0 |        0 |                  0 |           0 |
| libxtensa.a             |       3413 | 1044 |    0 |  1044 |  2216 |  1789 |      427 |        117 |   117 |         36 |      36 |        0 |        0 |                  0 |           0 |
| libnewlib.a             |       3199 |  360 |  200 |   160 |  1424 |  1424 |        0 |       1306 |  1306 |        109 |     109 |        0 |        0 |                  0 |           0 |
| libbootloader_support.a |       2226 |    0 |    0 |     0 |  2092 |  2092 |        0 |         94 |    94 |         40 |      40 |        0 |        0 |                  0 |           0 |
| libesp_common.a         |       1865 |    0 |    0 |     0 |     0 |     0 |        0 |         51 |    51 |       1814 |    1814 |        0 |        0 |                  0 |           0 |
| libsoc.a                |       1573 |   40 |    0 |    40 |    37 |    37 |        0 |          0 |     0 |       1496 |    1496 |        0 |        0 |                  0 |           0 |
| liblog.a                |       1252 |  284 |  276 |     8 |   329 |   329 |        0 |        615 |   615 |         24 |      24 |        0 |        0 |                  0 |           0 |
| libesp_partition.a      |       1026 |    8 |    8 |     0 |     0 |     0 |        0 |        981 |   981 |         37 |      37 |        0 |        0 |                  0 |           0 |
| libesp_rom.a            |        801 |    0 |    0 |     0 |   245 |   245 |        0 |          0 |     0 |        556 |     556 |        0 |        0 |                  0 |           0 |
| libesp_vfs_console.a    |        677 |   16 |   16 |     0 |     0 |     0 |        0 |        481 |   481 |        180 |     180 |        0 |        0 |                  0 |           0 |
| libesp_timer.a          |        547 |    8 |    8 |     0 |   146 |   146 |        0 |        385 |   385 |          8 |       8 |        0 |        0 |                  0 |           0 |
| libxt_hal.a             |        475 |    0 |    0 |     0 |   443 |   443 |        0 |          0 |     0 |         32 |      32 |        0 |        0 |                  0 |           0 |
| libefuse.a              |        319 |    0 |    0 |     0 |     0 |     0 |        0 |        263 |   263 |         56 |      56 |        0 |        0 |                  0 |           0 |
| libapp_update.a         |        181 |    4 |    4 |     0 |     0 |     0 |        0 |        147 |   147 |         30 |      30 |        0 |        0 |                  0 |           0 |
| libgcc.a                |         89 |    0 |    0 |     0 |     0 |     0 |        0 |         89 |    89 |          0 |       0 |        0 |        0 |                  0 |           0 |
| libpthread.a            |         25 |    0 |    0 |     0 |     0 |     0 |        0 |         25 |    25 |          0 |       0 |        0 |        0 |                  0 |           0 |
| libesp_security.a       |         20 |    0 |    0 |     0 |     0 |     0 |        0 |         12 |    12 |          8 |       8 |        0 |        0 |                  0 |           0 |
| libcxx.a                |         10 |    0 |    0 |     0 |     0 |     0 |        0 |         10 |    10 |          0 |       0 |        0 |        0 |                  0 |           0 |
| libesp_phy.a            |          5 |    0 |    0 |     0 |     0 |     0 |        0 |          5 |     5 |          0 |       0 |        0 |        0 |                  0 |           0 |
| libnvs_sec_provider.a   |          5 |    0 |    0 |     0 |     0 |     0 |        0 |          5 |     5 |          0 |       0 |        0 |        0 |                  0 |           0 |
+--------------------------------------------------------------------------------------------------------------------------------------------------------------------------------------------+
